runs/unet/log.csv: 61 training rows, 5 validations

   step    loss    wave     mag  s/step   vocal   drums    bass   other    mean
-------------------------------------------------------------------------------
    250  0.1357  0.0451  0.1812    1.25  -17.52  -11.42  -10.56   -7.79  -11.82
    300  0.1283  0.0456  0.1654    1.25  -17.50  -11.00   -8.66   -7.48  -11.16
    600  0.1281  0.0458  0.1647    1.24  -17.49  -11.48   -9.49   -6.36  -11.21
    900  0.1196  0.0403  0.1587    1.26  -15.98   -9.28   -4.53   -3.68   -8.37
   1200  0.6955  0.0397  0.1596    1.36  -15.12   -8.82   -3.91   -3.56   -7.85

best validation mean SI-SDR: -7.85 dB at step 1200
